긁고 싶어,간지러움
가려워,간지러움
너무 가려워,간지러움
근질근질,간지러움
간질간질,간지러움
간지러워 죽겠다,간지러움
간지러워 죽겠다,간지러움
긇어줘,간지러움
긁어주라,간지러움
긁어줘,간지러움
긁고 싶어,간지러움
가려워,간지러움
너무 가려워,간지러움
근질근질,간지러움
간질간질,간지러움
간지러워서 미치겠네,간지러움
너무 간지럽거든,간지러움
너무 간지라워서,간지러움
간지러워서 죽겠네,간지러움
간질 간질 미치겠네,간지러움
간질 간질해,간지러움
근질 근질 하지,간지러움
간지러운데 못 긁고 있어,간지러움
아 너무 긁고싶다,간지러움
긁고 싶어,간지러움
간지러워,간지러움
긁고 싶어요,간지러움
가려워요,간지러움
너무 가려워요,간지러움
근질근질요,간지러움
간질간질요,간지러움
간지러워 죽겠네요,간지러움
간지러워 죽겠네요,간지러움
긇어줘요,간지러움
긁어주라요,간지러움
긁어줘요,간지러움
긁고 싶어요,간지러움
가려워요,간지러움
너무 가려워요,간지러움
근질근질요,간지러움
간질간질요,간지러움
간지러워서 미치겠네요,간지러움
너무 간지럽거든요,간지러움
너무 간지라워서요,간지러움
간지러워서 죽겠네요,간지러움
간질 간질 미치겠네요,간지러움
간질 간질해요,간지러움
근질 근질 하지요,간지러움
간지러운데 못 긁고 있어요,간지러움
아 너무 긁고싶네요,간지러움
긁고 싶어요,간지러움
간지러워요,간지러움